00000000000000000000000
00000000000000000000001
00000000000000000000003
00000000000000000300000
00000000000000000300001
00000000000000000300003
00000000003333300000000
00000000003333300000001
00000000003333300000003
00000000003333300300000
00000000003333300300001
00000000003333300300003
00000000030000000000000
00000000030000000000001
00000000030000000000003
00000000030000000300000
00000000030000000300001
00000000030000000300003
00000000033333300000000
00000000033333300000001
00000000033333300000003
00000000033333300300000
00000000033333300300001
00000000033333300300003
00000010000000000000000
00000010000000000000001
00000010000000000000003
00000010000000000300000
00000010000000000300001
00000010000000000300003
00000010003333300000000
00000010003333300000001
00000010003333300000003
00000010003333300300000
00000010003333300300001
00000010003333300300003
00000010030000000000000
00000010030000000000001
00000010030000000000003
00000010030000000300000
00000010030000000300001
00000010030000000300003
00000010033333300000000
00000010033333300000001
00000010033333300000003
00000010033333300300000
00000010033333300300001
00000010033333300300003
00000030000000000000000
00000030000000000000001
00000030000000000000003
00000030000000000300000
00000030000000000300001
00000030000000000300003
00000030003333300000000
00000030003333300000001
00000030003333300000003
00000030003333300300000
00000030003333300300001
00000030003333300300003
00000030030000000000000
00000030030000000000001
00000030030000000000003
00000030030000000300000
00000030030000000300001
00000030030000000300003
00000030033333300000000
00000030033333300000001
00000030033333300000003
00000030033333300300000
00000030033333300300001
00000030033333300300003
00001000000000000000000
00001000000000000000001
00001000000000000000003
00001000000000000300000
00001000000000000300001
00001000000000000300003
00001000003333300000000
00001000003333300000001
00001000003333300000003
00001000003333300300000
00001000003333300300001
00001000003333300300003
00001000030000000000000
00001000030000000000001
00001000030000000000003
00001000030000000300000
00001000030000000300001
00001000030000000300003
00001000033333300000000
00001000033333300000001
00001000033333300000003
00001000033333300300000
00001000033333300300001
00001000033333300300003
00001010000000000000000
00001010000000000000001
00001010000000000000003
00001010000000000300000
00001010000000000300001
00001010000000000300003
00001010003333300000000
00001010003333300000001
00001010003333300000003
00001010003333300300000
00001010003333300300001
00001010003333300300003
00001010030000000000000
00001010030000000000001
00001010030000000000003
00001010030000000300000
00001010030000000300001
00001010030000000300003
00001010033333300000000
00001010033333300000001
00001010033333300000003
00001010033333300300000
00001010033333300300001
00001010033333300300003
00001030000000000000000
00001030000000000000001
00001030000000000000003
00001030000000000300000
00001030000000000300001
00001030000000000300003
00001030003333300000000
00001030003333300000001
00001030003333300000003
00001030003333300300000
00001030003333300300001
00001030003333300300003
00001030030000000000000
00001030030000000000001
00001030030000000000003
00001030030000000300000
00001030030000000300001
00001030030000000300003
00001030033333300000000
00001030033333300000001
00001030033333300000003
00001030033333300300000
00001030033333300300001
00001030033333300300003
00003000000000000000000
00003000000000000000001
00003000000000000000003
00003000000000000300000
00003000000000000300001
00003000000000000300003
00003000003333300000000
00003000003333300000001
00003000003333300000003
00003000003333300300000
00003000003333300300001
00003000003333300300003
00003000030000000000000
00003000030000000000001
00003000030000000000003
00003000030000000300000
00003000030000000300001
00003000030000000300003
00003000033333300000000
00003000033333300000001
00003000033333300000003
00003000033333300300000
00003000033333300300001
00003000033333300300003
00003010000000000000000
00003010000000000000001
00003010000000000000003
00003010000000000300000
00003010000000000300001
00003010000000000300003
00003010003333300000000
00003010003333300000001
00003010003333300000003
00003010003333300300000
00003010003333300300001
00003010003333300300003
00003010030000000000000
00003010030000000000001
00003010030000000000003
00003010030000000300000
00003010030000000300001
00003010030000000300003
00003010033333300000000
00003010033333300000001
00003010033333300000003
00003010033333300300000
00003010033333300300001
00003010033333300300003
00003030000000000000000
00003030000000000000001
00003030000000000000003
00003030000000000300000
00003030000000000300001
00003030000000000300003
00003030003333300000000
00003030003333300000001
00003030003333300000003
00003030003333300300000
00003030003333300300001
00003030003333300300003
00003030030000000000000
00003030030000000000001
00003030030000000000003
00003030030000000300000
00003030030000000300001
00003030030000000300003
00003030033333300000000
00003030033333300000001
00003030033333300000003
00003030033333300300000
00003030033333300300001
00003030033333300300003
00100000000000000000000
00100000000000000000001
00100000000000000000003
00100000000000000300000
00100000000000000300001
00100000000000000300003
00100000003333300000000
00100000003333300000001
00100000003333300000003
00100000003333300300000
00100000003333300300001
00100000003333300300003
00100000030000000000000
00100000030000000000001
00100000030000000000003
00100000030000000300000
00100000030000000300001
00100000030000000300003
00100000033333300000000
00100000033333300000001
00100000033333300000003
00100000033333300300000
00100000033333300300001
00100000033333300300003
00100010000000000000000
00100010000000000000001
00100010000000000000003
00100010000000000300000
00100010000000000300001
00100010000000000300003
00100010003333300000000
00100010003333300000001
00100010003333300000003
00100010003333300300000
00100010003333300300001
00100010003333300300003
00100010030000000000000
00100010030000000000001
00100010030000000000003
00100010030000000300000
00100010030000000300001
00100010030000000300003
00100010033333300000000
00100010033333300000001
00100010033333300000003
00100010033333300300000
00100010033333300300001
00100010033333300300003
00100030000000000000000
00100030000000000000001
00100030000000000000003
00100030000000000300000
00100030000000000300001
00100030000000000300003
00100030003333300000000
00100030003333300000001
00100030003333300000003
00100030003333300300000
00100030003333300300001
00100030003333300300003
00100030030000000000000
00100030030000000000001
00100030030000000000003
00100030030000000300000
00100030030000000300001
00100030030000000300003
00100030033333300000000
00100030033333300000001
00100030033333300000003
00100030033333300300000
00100030033333300300001
00100030033333300300003
00101000000000000000000
00101000000000000000001
00101000000000000000003
00101000000000000300000
00101000000000000300001
00101000000000000300003
00101000003333300000000
00101000003333300000001
00101000003333300000003
00101000003333300300000
00101000003333300300001
00101000003333300300003
00101000030000000000000
00101000030000000000001
00101000030000000000003
00101000030000000300000
00101000030000000300001
00101000030000000300003
00101000033333300000000
00101000033333300000001
00101000033333300000003
00101000033333300300000
00101000033333300300001
00101000033333300300003
00101010000000000000000
00101010000000000000001
00101010000000000000003
00101010000000000300000
00101010000000000300001
00101010000000000300003
00101010003333300000000
00101010003333300000001
00101010003333300000003
00101010003333300300000
00101010003333300300001
00101010003333300300003
00101010030000000000000
00101010030000000000001
00101010030000000000003
00101010030000000300000
00101010030000000300001
00101010030000000300003
00101010033333300000000
00101010033333300000001
00101010033333300000003
00101010033333300300000
00101010033333300300001
00101010033333300300003
00101030000000000000000
00101030000000000000001
00101030000000000000003
00101030000000000300000
00101030000000000300001
00101030000000000300003
00101030003333300000000
00101030003333300000001
00101030003333300000003
00101030003333300300000
00101030003333300300001
00101030003333300300003
00101030030000000000000
00101030030000000000001
00101030030000000000003
00101030030000000300000
00101030030000000300001
00101030030000000300003
00101030033333300000000
00101030033333300000001
00101030033333300000003
00101030033333300300000
00101030033333300300001
00101030033333300300003
00103000000000000000000
00103000000000000000001
00103000000000000000003
00103000000000000300000
00103000000000000300001
00103000000000000300003
00103000003333300000000
00103000003333300000001
00103000003333300000003
00103000003333300300000
00103000003333300300001
00103000003333300300003
00103000030000000000000
00103000030000000000001
00103000030000000000003
00103000030000000300000
00103000030000000300001
00103000030000000300003
00103000033333300000000
00103000033333300000001
00103000033333300000003
00103000033333300300000
00103000033333300300001
00103000033333300300003
00103010000000000000000
00103010000000000000001
00103010000000000000003
00103010000000000300000
00103010000000000300001
00103010000000000300003
00103010003333300000000
00103010003333300000001
00103010003333300000003
00103010003333300300000
00103010003333300300001
00103010003333300300003
00103010030000000000000
00103010030000000000001
00103010030000000000003
00103010030000000300000
00103010030000000300001
00103010030000000300003
00103010033333300000000
00103010033333300000001
00103010033333300000003
00103010033333300300000
00103010033333300300001
00103010033333300300003
00103030000000000000000
00103030000000000000001
00103030000000000000003
00103030000000000300000
00103030000000000300001
00103030000000000300003
00103030003333300000000
00103030003333300000001
00103030003333300000003
00103030003333300300000
00103030003333300300001
00103030003333300300003
00103030030000000000000
00103030030000000000001
00103030030000000000003
00103030030000000300000
00103030030000000300001
00103030030000000300003
00103030033333300000000
00103030033333300000001
00103030033333300000003
00103030033333300300000
00103030033333300300001
00103030033333300300003
00200000000000000000000
00200000000000000000001
00200000000000000000003
00200000000000000300000
00200000000000000300001
00200000000000000300003
00200000003333300000000
00200000003333300000001
00200000003333300000003
00200000003333300300000
00200000003333300300001
00200000003333300300003
00200000030000000000000
00200000030000000000001
00200000030000000000003
00200000030000000300000
00200000030000000300001
00200000030000000300003
00200000033333300000000
00200000033333300000001
00200000033333300000003
00200000033333300300000
00200000033333300300001
00200000033333300300003
00200010000000000000000
00200010000000000000001
00200010000000000000003
00200010000000000300000
00200010000000000300001
00200010000000000300003
00200010003333300000000
00200010003333300000001
00200010003333300000003
00200010003333300300000
00200010003333300300001
00200010003333300300003
00200010030000000000000
00200010030000000000001
00200010030000000000003
00200010030000000300000
00200010030000000300001
00200010030000000300003
00200010033333300000000
00200010033333300000001
00200010033333300000003
00200010033333300300000
00200010033333300300001
00200010033333300300003
00200030000000000000000
00200030000000000000001
00200030000000000000003
00200030000000000300000
00200030000000000300001
00200030000000000300003
00200030003333300000000
00200030003333300000001
00200030003333300000003
00200030003333300300000
00200030003333300300001
00200030003333300300003
00200030030000000000000
00200030030000000000001
00200030030000000000003
00200030030000000300000
00200030030000000300001
00200030030000000300003
00200030033333300000000
00200030033333300000001
00200030033333300000003
00200030033333300300000
00200030033333300300001
00200030033333300300003
00201000000000000000000
00201000000000000000001
00201000000000000000003
00201000000000000300000
00201000000000000300001
00201000000000000300003
00201000003333300000000
00201000003333300000001
00201000003333300000003
00201000003333300300000
00201000003333300300001
00201000003333300300003
00201000030000000000000
00201000030000000000001
00201000030000000000003
00201000030000000300000
00201000030000000300001
00201000030000000300003
00201000033333300000000
00201000033333300000001
00201000033333300000003
00201000033333300300000
00201000033333300300001
00201000033333300300003
00201010000000000000000
00201010000000000000001
00201010000000000000003
00201010000000000300000
00201010000000000300001
00201010000000000300003
00201010003333300000000
00201010003333300000001
00201010003333300000003
00201010003333300300000
00201010003333300300001
00201010003333300300003
00201010030000000000000
00201010030000000000001
00201010030000000000003
00201010030000000300000
00201010030000000300001
00201010030000000300003
00201010033333300000000
00201010033333300000001
00201010033333300000003
00201010033333300300000
00201010033333300300001
00201010033333300300003
00201030000000000000000
00201030000000000000001
00201030000000000000003
00201030000000000300000
00201030000000000300001
00201030000000000300003
00201030003333300000000
00201030003333300000001
00201030003333300000003
00201030003333300300000
00201030003333300300001
00201030003333300300003
00201030030000000000000
00201030030000000000001
00201030030000000000003
00201030030000000300000
00201030030000000300001
00201030030000000300003
00201030033333300000000
00201030033333300000001
00201030033333300000003
00201030033333300300000
00201030033333300300001
00201030033333300300003
00203000000000000000000
00203000000000000000001
00203000000000000000003
00203000000000000300000
00203000000000000300001
00203000000000000300003
00203000003333300000000
00203000003333300000001
00203000003333300000003
00203000003333300300000
00203000003333300300001
00203000003333300300003
00203000030000000000000
00203000030000000000001
00203000030000000000003
00203000030000000300000
00203000030000000300001
00203000030000000300003
00203000033333300000000
00203000033333300000001
00203000033333300000003
00203000033333300300000
00203000033333300300001
00203000033333300300003
00203010000000000000000
00203010000000000000001
00203010000000000000003
00203010000000000300000
00203010000000000300001
00203010000000000300003
00203010003333300000000
00203010003333300000001
00203010003333300000003
00203010003333300300000
00203010003333300300001
00203010003333300300003
00203010030000000000000
00203010030000000000001
00203010030000000000003
00203010030000000300000
00203010030000000300001
00203010030000000300003
00203010033333300000000
00203010033333300000001
00203010033333300000003
00203010033333300300000
00203010033333300300001
00203010033333300300003
00203030000000000000000
00203030000000000000001
00203030000000000000003
00203030000000000300000
00203030000000000300001
00203030000000000300003
00203030003333300000000
00203030003333300000001
00203030003333300000003
00203030003333300300000
00203030003333300300001
00203030003333300300003
00203030030000000000000
00203030030000000000001
00203030030000000000003
00203030030000000300000
00203030030000000300001
00203030030000000300003
00203030033333300000000
00203030033333300000001
00203030033333300000003
00203030033333300300000
00203030033333300300001
00203030033333300300003
00300000000000000000000
00300000000000000000001
00300000000000000000003
00300000000000000300000
00300000000000000300001
00300000000000000300003
00300000003333300000000
00300000003333300000001
00300000003333300000003
00300000003333300300000
00300000003333300300001
00300000003333300300003
00300000030000000000000
00300000030000000000001
00300000030000000000003
00300000030000000300000
00300000030000000300001
00300000030000000300003
00300000033333300000000
00300000033333300000001
00300000033333300000003
00300000033333300300000
00300000033333300300001
00300000033333300300003
00300010000000000000000
00300010000000000000001
00300010000000000000003
00300010000000000300000
00300010000000000300001
00300010000000000300003
00300010003333300000000
00300010003333300000001
00300010003333300000003
00300010003333300300000
00300010003333300300001
00300010003333300300003
00300010030000000000000
00300010030000000000001
00300010030000000000003
00300010030000000300000
00300010030000000300001
00300010030000000300003
00300010033333300000000
00300010033333300000001
00300010033333300000003
00300010033333300300000
00300010033333300300001
00300010033333300300003
00300030000000000000000
00300030000000000000001
00300030000000000000003
00300030000000000300000
00300030000000000300001
00300030000000000300003
00300030003333300000000
00300030003333300000001
00300030003333300000003
00300030003333300300000
00300030003333300300001
00300030003333300300003
00300030030000000000000
00300030030000000000001
00300030030000000000003
00300030030000000300000
00300030030000000300001
00300030030000000300003
00300030033333300000000
00300030033333300000001
00300030033333300000003
00300030033333300300000
00300030033333300300001
00300030033333300300003
00301000000000000000000
00301000000000000000001
00301000000000000000003
00301000000000000300000
00301000000000000300001
00301000000000000300003
00301000003333300000000
00301000003333300000001
00301000003333300000003
00301000003333300300000
00301000003333300300001
00301000003333300300003
00301000030000000000000
00301000030000000000001
00301000030000000000003
00301000030000000300000
00301000030000000300001
00301000030000000300003
00301000033333300000000
00301000033333300000001
00301000033333300000003
00301000033333300300000
00301000033333300300001
00301000033333300300003
00301010000000000000000
00301010000000000000001
00301010000000000000003
00301010000000000300000
00301010000000000300001
00301010000000000300003
00301010003333300000000
00301010003333300000001
00301010003333300000003
00301010003333300300000
00301010003333300300001
00301010003333300300003
00301010030000000000000
00301010030000000000001
00301010030000000000003
00301010030000000300000
00301010030000000300001
00301010030000000300003
00301010033333300000000
00301010033333300000001
00301010033333300000003
00301010033333300300000
00301010033333300300001
00301010033333300300003
00301030000000000000000
00301030000000000000001
00301030000000000000003
00301030000000000300000
00301030000000000300001
00301030000000000300003
00301030003333300000000
00301030003333300000001
00301030003333300000003
00301030003333300300000
00301030003333300300001
00301030003333300300003
00301030030000000000000
00301030030000000000001
00301030030000000000003
00301030030000000300000
00301030030000000300001
00301030030000000300003
00301030033333300000000
00301030033333300000001
00301030033333300000003
00301030033333300300000
00301030033333300300001
00301030033333300300003
00303000000000000000000
00303000000000000000001
00303000000000000000003
00303000000000000300000
00303000000000000300001
00303000000000000300003
00303000003333300000000
00303000003333300000001
00303000003333300000003
00303000003333300300000
00303000003333300300001
00303000003333300300003
00303000030000000000000
00303000030000000000001
00303000030000000000003
00303000030000000300000
00303000030000000300001
00303000030000000300003
00303000033333300000000
00303000033333300000001
00303000033333300000003
00303000033333300300000
00303000033333300300001
00303000033333300300003
00303010000000000000000
00303010000000000000001
00303010000000000000003
00303010000000000300000
00303010000000000300001
00303010000000000300003
00303010003333300000000
00303010003333300000001
00303010003333300000003
00303010003333300300000
00303010003333300300001
00303010003333300300003
00303010030000000000000
00303010030000000000001
00303010030000000000003
00303010030000000300000
00303010030000000300001
00303010030000000300003
00303010033333300000000
00303010033333300000001
00303010033333300000003
00303010033333300300000
00303010033333300300001
00303010033333300300003
00303030000000000000000
00303030000000000000001
00303030000000000000003
00303030000000000300000
00303030000000000300001
00303030000000000300003
00303030003333300000000
00303030003333300000001
00303030003333300000003
00303030003333300300000
00303030003333300300001
00303030003333300300003
00303030030000000000000
00303030030000000000001
00303030030000000000003
00303030030000000300000
00303030030000000300001
00303030030000000300003
00303030033333300000000
00303030033333300000001
00303030033333300000003
00303030033333300300000
00303030033333300300001
00303030033333300300003
30000000000000000000000
30000000000000000000001
30000000000000000000003
30000000000000000300000
30000000000000000300001
30000000000000000300003
30000000003333300000000
30000000003333300000001
30000000003333300000003
30000000003333300300000
30000000003333300300001
30000000003333300300003
30000000030000000000000
30000000030000000000001
30000000030000000000003
30000000030000000300000
30000000030000000300001
30000000030000000300003
30000000033333300000000
30000000033333300000001
30000000033333300000003
30000000033333300300000
30000000033333300300001
30000000033333300300003
30000010000000000000000
30000010000000000000001
30000010000000000000003
30000010000000000300000
30000010000000000300001
30000010000000000300003
30000010003333300000000
30000010003333300000001
30000010003333300000003
30000010003333300300000
30000010003333300300001
30000010003333300300003
30000010030000000000000
30000010030000000000001
30000010030000000000003
30000010030000000300000
30000010030000000300001
30000010030000000300003
30000010033333300000000
30000010033333300000001
30000010033333300000003
30000010033333300300000
30000010033333300300001
30000010033333300300003
30000030000000000000000
30000030000000000000001
30000030000000000000003
30000030000000000300000
30000030000000000300001
30000030000000000300003
30000030003333300000000
30000030003333300000001
30000030003333300000003
30000030003333300300000
30000030003333300300001
30000030003333300300003
30000030030000000000000
30000030030000000000001
30000030030000000000003
30000030030000000300000
30000030030000000300001
30000030030000000300003
30000030033333300000000
30000030033333300000001
30000030033333300000003
30000030033333300300000
30000030033333300300001
30000030033333300300003
30001000000000000000000
30001000000000000000001
30001000000000000000003
30001000000000000300000
30001000000000000300001
30001000000000000300003
30001000003333300000000
30001000003333300000001
30001000003333300000003
30001000003333300300000
30001000003333300300001
30001000003333300300003
30001000030000000000000
30001000030000000000001
30001000030000000000003
30001000030000000300000
30001000030000000300001
30001000030000000300003
30001000033333300000000
30001000033333300000001
30001000033333300000003
30001000033333300300000
30001000033333300300001
30001000033333300300003
30001010000000000000000
30001010000000000000001
30001010000000000000003
30001010000000000300000
30001010000000000300001
30001010000000000300003
30001010003333300000000
30001010003333300000001
30001010003333300000003
30001010003333300300000
30001010003333300300001
30001010003333300300003
30001010030000000000000
30001010030000000000001
30001010030000000000003
30001010030000000300000
30001010030000000300001
30001010030000000300003
30001010033333300000000
30001010033333300000001
30001010033333300000003
30001010033333300300000
30001010033333300300001
30001010033333300300003
30001030000000000000000
30001030000000000000001
30001030000000000000003
30001030000000000300000
30001030000000000300001
30001030000000000300003
30001030003333300000000
30001030003333300000001
30001030003333300000003
30001030003333300300000
30001030003333300300001
30001030003333300300003
30001030030000000000000
30001030030000000000001
30001030030000000000003
30001030030000000300000
30001030030000000300001
30001030030000000300003
30001030033333300000000
30001030033333300000001
30001030033333300000003
30001030033333300300000
30001030033333300300001
30001030033333300300003
30003000000000000000000
30003000000000000000001
30003000000000000000003
30003000000000000300000
30003000000000000300001
30003000000000000300003
30003000003333300000000
30003000003333300000001
30003000003333300000003
30003000003333300300000
30003000003333300300001
30003000003333300300003
30003000030000000000000
30003000030000000000001
30003000030000000000003
30003000030000000300000
30003000030000000300001
30003000030000000300003
30003000033333300000000
30003000033333300000001
30003000033333300000003
30003000033333300300000
30003000033333300300001
30003000033333300300003
30003010000000000000000
30003010000000000000001
30003010000000000000003
30003010000000000300000
30003010000000000300001
30003010000000000300003
30003010003333300000000
30003010003333300000001
30003010003333300000003
30003010003333300300000
30003010003333300300001
30003010003333300300003
30003010030000000000000
30003010030000000000001
30003010030000000000003
30003010030000000300000
30003010030000000300001
30003010030000000300003
30003010033333300000000
30003010033333300000001
30003010033333300000003
30003010033333300300000
30003010033333300300001
30003010033333300300003
30003030000000000000000
30003030000000000000001
30003030000000000000003
30003030000000000300000
30003030000000000300001
30003030000000000300003
30003030003333300000000
30003030003333300000001
30003030003333300000003
30003030003333300300000
30003030003333300300001
30003030003333300300003
30003030030000000000000
30003030030000000000001
30003030030000000000003
30003030030000000300000
30003030030000000300001
30003030030000000300003
30003030033333300000000
30003030033333300000001
30003030033333300000003
30003030033333300300000
30003030033333300300001
30003030033333300300003
30100000000000000000000
30100000000000000000001
30100000000000000000003
30100000000000000300000
30100000000000000300001
30100000000000000300003
30100000003333300000000
30100000003333300000001
30100000003333300000003
30100000003333300300000
30100000003333300300001
30100000003333300300003
30100000030000000000000
30100000030000000000001
30100000030000000000003
30100000030000000300000
30100000030000000300001
30100000030000000300003
30100000033333300000000
30100000033333300000001
30100000033333300000003
30100000033333300300000
30100000033333300300001
30100000033333300300003
30100010000000000000000
30100010000000000000001
30100010000000000000003
30100010000000000300000
30100010000000000300001
30100010000000000300003
30100010003333300000000
30100010003333300000001
30100010003333300000003
30100010003333300300000
30100010003333300300001
30100010003333300300003
30100010030000000000000
30100010030000000000001
30100010030000000000003
30100010030000000300000
30100010030000000300001
30100010030000000300003
30100010033333300000000
30100010033333300000001
30100010033333300000003
30100010033333300300000
30100010033333300300001
30100010033333300300003
30100030000000000000001
30100030000000000000003
30100030000000000300000
30100030000000000300001
30100030000000000300003
30100030003333300000000
30100030003333300000001
30100030003333300000003
30100030003333300300000
30100030003333300300001
30100030003333300300003
30100030030000000000000
30100030030000000000001
30100030030000000000003
30100030030000000300000
30100030030000000300001
30100030030000000300003
30100030033333300000000
30100030033333300000001
30100030033333300000003
30100030033333300300000
30100030033333300300001
30100030033333300300003
30101000000000000000000
30101000000000000000001
30101000000000000000003
30101000000000000300000
30101000000000000300001
30101000000000000300003
30101000003333300000000
30101000003333300000001
30101000003333300000003
30101000003333300300000
30101000003333300300001
30101000003333300300003
30101000030000000000000
30101000030000000000001
30101000030000000000003
30101000030000000300000
30101000030000000300001
30101000030000000300003
30101000033333300000000
30101000033333300000001
30101000033333300000003
30101000033333300300000
30101000033333300300001
30101000033333300300003
30101010000000000000000
30101010000000000000001
30101010000000000000003
30101010000000000300000
30101010000000000300001
30101010000000000300003
30101010003333300000000
30101010003333300000001
30101010003333300000003
30101010003333300300000
30101010003333300300001
30101010003333300300003
30101010030000000000000
30101010030000000000001
30101010030000000000003
30101010030000000300000
30101010030000000300001
30101010030000000300003
30101010033333300000000
30101010033333300000001
30101010033333300000003
30101010033333300300000
30101010033333300300001
30101010033333300300003
30101030000000000000000
30101030000000000000001
30101030000000000000003
30101030000000000300000
30101030000000000300001
30101030000000000300003
30101030003333300000000
30101030003333300000001
30101030003333300000003
30101030003333300300000
30101030003333300300001
30101030003333300300003
30101030030000000000000
30101030030000000000001
30101030030000000000003
30101030030000000300000
30101030030000000300001
30101030030000000300003
30101030033333300000000
30101030033333300000001
30101030033333300000003
30101030033333300300000
30101030033333300300001
30101030033333300300003
30103000000000000000000
30103000000000000000001
30103000000000000000003
30103000000000000300000
30103000000000000300001
30103000000000000300003
30103000003333300000000
30103000003333300000001
30103000003333300000003
30103000003333300300000
30103000003333300300001
30103000003333300300003
30103000030000000000000
30103000030000000000001
30103000030000000000003
30103000030000000300000
30103000030000000300001
30103000030000000300003
30103000033333300000000
30103000033333300000001
30103000033333300000003
30103000033333300300000
30103000033333300300001
30103000033333300300003
30103010000000000000000
30103010000000000000001
30103010000000000000003
30103010000000000300000
30103010000000000300001
30103010000000000300003
30103010003333300000000
30103010003333300000001
30103010003333300000003
30103010003333300300000
30103010003333300300001
30103010003333300300003
30103010030000000000000
30103010030000000000001
30103010030000000000003
30103010030000000300000
30103010030000000300001
30103010030000000300003
30103010033333300000000
30103010033333300000001
30103010033333300000003
30103010033333300300000
30103010033333300300001
30103010033333300300003
30103030000000000000000
30103030000000000000001
30103030000000000000003
30103030000000000300000
30103030000000000300001
30103030000000000300003
30103030003333300000000
30103030003333300000001
30103030003333300000003
30103030003333300300000
30103030003333300300001
30103030003333300300003
30103030030000000000000
30103030030000000000001
30103030030000000000003
30103030030000000300000
30103030030000000300001
30103030030000000300003
30103030033333300000000
30103030033333300000001
30103030033333300000003
30103030033333300300000
30103030033333300300001
30103030033333300300003
30200000000000000000000
30200000000000000000001
30200000000000000000003
30200000000000000300000
30200000000000000300001
30200000000000000300003
30200000003333300000000
30200000003333300000001
30200000003333300000003
30200000003333300300000
30200000003333300300001
30200000003333300300003
30200000030000000000000
30200000030000000000001
30200000030000000000003
30200000030000000300000
30200000030000000300001
30200000030000000300003
30200000033333300000000
30200000033333300000001
30200000033333300000003
30200000033333300300000
30200000033333300300001
30200000033333300300003
30200010000000000000000
30200010000000000000001
30200010000000000000003
30200010000000000300000
30200010000000000300001
30200010000000000300003
30200010003333300000000
30200010003333300000001
30200010003333300000003
30200010003333300300000
30200010003333300300001
30200010003333300300003
30200010030000000000000
30200010030000000000001
30200010030000000000003
30200010030000000300000
30200010030000000300001
30200010030000000300003
30200010033333300000000
30200010033333300000001
30200010033333300000003
30200010033333300300000
30200010033333300300001
30200010033333300300003
30200030000000000000000
30200030000000000000001
30200030000000000000003
30200030000000000300000
30200030000000000300001
30200030000000000300003
30200030003333300000000
30200030003333300000001
30200030003333300000003
30200030003333300300000
30200030003333300300001
30200030003333300300003
30200030030000000000000
30200030030000000000001
30200030030000000000003
30200030030000000300000
30200030030000000300001
30200030030000000300003
30200030033333300000000
30200030033333300000001
30200030033333300000003
30200030033333300300000
30200030033333300300001
30200030033333300300003
30201000000000000000000
30201000000000000000001
30201000000000000000003
30201000000000000300000
30201000000000000300001
30201000000000000300003
30201000003333300000000
30201000003333300000001
30201000003333300000003
30201000003333300300000
30201000003333300300001
30201000003333300300003
30201000030000000000000
30201000030000000000001
30201000030000000000003
30201000030000000300000
30201000030000000300001
30201000030000000300003
30201000033333300000000
30201000033333300000001
30201000033333300000003
30201000033333300300000
30201000033333300300001
30201000033333300300003
30201010000000000000000
30201010000000000000001
30201010000000000000003
30201010000000000300000
30201010000000000300001
30201010000000000300003
30201010003333300000000
30201010003333300000001
30201010003333300000003
30201010003333300300000
30201010003333300300001
30201010003333300300003
30201010030000000000000
30201010030000000000001
30201010030000000000003
30201010030000000300000
30201010030000000300001
30201010030000000300003
30201010033333300000000
30201010033333300000001
30201010033333300000003
30201010033333300300000
30201010033333300300001
30201010033333300300003
30201030000000000000000
30201030000000000000001
30201030000000000000003
30201030000000000300000
30201030000000000300001
30201030000000000300003
30201030003333300000000
30201030003333300000001
30201030003333300000003
30201030003333300300000
30201030003333300300001
30201030003333300300003
30201030030000000000000
30201030030000000000001
30201030030000000000003
30201030030000000300000
30201030030000000300001
30201030030000000300003
30201030033333300000000
30201030033333300000001
30201030033333300000003
30201030033333300300000
30201030033333300300001
30201030033333300300003
30203000000000000000000
30203000000000000000001
30203000000000000000003
30203000000000000300000
30203000000000000300001
30203000000000000300003
30203000003333300000000
30203000003333300000001
30203000003333300000003
30203000003333300300000
30203000003333300300001
30203000003333300300003
30203000030000000000000
30203000030000000000001
30203000030000000000003
30203000030000000300000
30203000030000000300001
30203000030000000300003
30203000033333300000000
30203000033333300000001
30203000033333300000003
30203000033333300300000
30203000033333300300001
30203000033333300300003
30203010000000000000000
30203010000000000000001
30203010000000000000003
30203010000000000300000
30203010000000000300001
30203010000000000300003
30203010003333300000000
30203010003333300000001
30203010003333300000003
30203010003333300300000
30203010003333300300001
30203010003333300300003
30203010030000000000000
30203010030000000000001
30203010030000000000003
30203010030000000300000
30203010030000000300001
30203010030000000300003
30203010033333300000000
30203010033333300000001
30203010033333300000003
30203010033333300300000
30203010033333300300001
30203010033333300300003
30203030000000000000000
30203030000000000000001
30203030000000000000003
30203030000000000300000
30203030000000000300001
30203030000000000300003
30203030003333300000000
30203030003333300000001
30203030003333300000003
30203030003333300300000
30203030003333300300001
30203030003333300300003
30203030030000000000000
30203030030000000000001
30203030030000000000003
30203030030000000300000
30203030030000000300001
30203030030000000300003
30203030033333300000000
30203030033333300000001
30203030033333300000003
30203030033333300300000
30203030033333300300001
30203030033333300300003
30300000000000000000000
30300000000000000000001
30300000000000000000003
30300000000000000300000
30300000000000000300001
30300000000000000300003
30300000003333300000000
30300000003333300000001
30300000003333300000003
30300000003333300300000
30300000003333300300001
30300000003333300300003
30300000030000000000000
30300000030000000000001
30300000030000000000003
30300000030000000300000
30300000030000000300001
30300000030000000300003
30300000033333300000000
30300000033333300000001
30300000033333300000003
30300000033333300300000
30300000033333300300001
30300000033333300300003
30300010000000000000000
30300010000000000000001
30300010000000000000003
30300010000000000300000
30300010000000000300001
30300010000000000300003
30300010003333300000000
30300010003333300000001
30300010003333300000003
30300010003333300300000
30300010003333300300001
30300010003333300300003
30300010030000000000000
30300010030000000000001
30300010030000000000003
30300010030000000300000
30300010030000000300001
30300010030000000300003
30300010033333300000000
30300010033333300000001
30300010033333300000003
30300010033333300300000
30300010033333300300001
30300010033333300300003
30300030000000000000000
30300030000000000000001
30300030000000000000003
30300030000000000300000
30300030000000000300001
30300030000000000300003
30300030003333300000000
30300030003333300000001
30300030003333300000003
30300030003333300300000
30300030003333300300001
30300030003333300300003
30300030030000000000000
30300030030000000000001
30300030030000000000003
30300030030000000300000
30300030030000000300001
30300030030000000300003
30300030033333300000000
30300030033333300000001
30300030033333300000003
30300030033333300300000
30300030033333300300001
30300030033333300300003
30301000000000000000000
30301000000000000000001
30301000000000000000003
30301000000000000300000
30301000000000000300001
30301000000000000300003
30301000003333300000000
30301000003333300000001
30301000003333300000003
30301000003333300300000
30301000003333300300001
30301000003333300300003
30301000030000000000000
30301000030000000000001
30301000030000000000003
30301000030000000300000
30301000030000000300001
30301000030000000300003
30301000033333300000000
30301000033333300000001
30301000033333300000003
30301000033333300300000
30301000033333300300001
30301000033333300300003
30301010000000000000000
30301010000000000000001
30301010000000000000003
30301010000000000300000
30301010000000000300001
30301010000000000300003
30301010003333300000000
30301010003333300000001
30301010003333300000003
30301010003333300300000
30301010003333300300001
30301010003333300300003
30301010030000000000000
30301010030000000000001
30301010030000000000003
30301010030000000300000
30301010030000000300001
30301010030000000300003
30301010033333300000000
30301010033333300000001
30301010033333300000003
30301010033333300300000
30301010033333300300001
30301010033333300300003
30301030000000000000000
30301030000000000000001
30301030000000000000003
30301030000000000300000
30301030000000000300001
30301030000000000300003
30301030003333300000000
30301030003333300000001
30301030003333300000003
30301030003333300300000
30301030003333300300001
30301030003333300300003
30301030030000000000000
30301030030000000000001
30301030030000000000003
30301030030000000300000
30301030030000000300001
30301030030000000300003
30301030033333300000000
30301030033333300000001
30301030033333300000003
30301030033333300300000
30301030033333300300001
30301030033333300300003
30303000000000000000000
30303000000000000000001
30303000000000000000003
30303000000000000300000
30303000000000000300001
30303000000000000300003
30303000003333300000000
30303000003333300000001
30303000003333300000003
30303000003333300300000
30303000003333300300001
30303000003333300300003
30303000030000000000000
30303000030000000000001
30303000030000000000003
30303000030000000300000
30303000030000000300001
30303000030000000300003
30303000033333300000000
30303000033333300000001
30303000033333300000003
30303000033333300300000
30303000033333300300001
30303000033333300300003
30303010000000000000000
30303010000000000000001
30303010000000000000003
30303010000000000300000
30303010000000000300001
30303010000000000300003
30303010003333300000000
30303010003333300000001
30303010003333300000003
30303010003333300300000
30303010003333300300001
30303010003333300300003
30303010030000000000000
30303010030000000000001
30303010030000000000003
30303010030000000300000
30303010030000000300001
30303010030000000300003
30303010033333300000000
30303010033333300000001
30303010033333300000003
30303010033333300300000
30303010033333300300001
30303010033333300300003
30303030000000000000000
30303030000000000000001
30303030000000000000003
30303030000000000300000
30303030000000000300001
30303030000000000300003
30303030003333300000000
30303030003333300000001
30303030003333300000003
30303030003333300300000
30303030003333300300001
30303030003333300300003
30303030030000000000000
30303030030000000000001
30303030030000000000003
30303030030000000300000
30303030030000000300001
30303030030000000300003
30303030033333300000000
30303030033333300000001
30303030033333300000003
30303030033333300300000
30303030033333300300001
30303030033333300300003